11 9

253 126

200 25


2 2 9 2 2 2 2 2 2 
2 9 3 9 9 9 9 9 2 
2 3 3 3 3 3 3 3 9 
9 3 3 3 3 3 3 3 9 
9 3 3 3 3 3 3 3 9 
9 3 3 3 3 3 3 3 9 
9 3 3 3 3 3 3 3 9 
9 3 3 3 3 3 3 3 9 
9 3 3 3 3 3 3 3 9 
9 3 3 3 3 3 3 3 9 
2 9 9 9 9 9 9 9 2 

37

ARR 50 100 CZtext4.txt LEFT 1 
ARR 100 50 null UP 0 
ARR 200 450 BACK2.txt DOWN 1 
TWALL 150 375 0 UP 
TWALL 150 400 0 DOWN 
TWALL 150 250 4000 UP 
TWALL 150 275 4000 DOWN 
TWALL 280 375 8000 UP 
TWALL 280 400 8000 DOWN 
TWALL 280 250 12000 UP 
TWALL 280 275 12000 DOWN 
WALL 175 100 100 25 177 177 177 
WALL 175 120 25 25 177 177 177 
WALL 250 120 25 25 177 177 177 
WALL 50 225 125 25 177 177 177 
WALL 50 325 125 25 177 177 177 
WALL 50 425 125 25 177 177 177 
TBTN 50 250 255 230 69 156 137 16 1 
SPK 217 215 255 230 69 HORZ 1 15 
TBTN 50 375 225 175 240 133 83 148 2 
SPK 217 200 225 175 240 HORZ 2 10 
TBTN 105 375 61 201 58 32 97 31 3 
SPK 175 165 61 201 58 VERT 3 10 
WALL 150 300 25 25 177 177 177 
WALL 150 350 25 25 177 177 177 
WALL 175 200 25 50 177 177 177 
WALL 275 225 125 25 177 177 177 
WALL 275 325 125 25 177 177 177 
WALL 275 425 125 25 177 177 177 
TBTN 300 250 98 169 227 58 101 135 4 
SPK 250 165 98 169 227 VERT 4 10 
TBTN 350 250 225 175 240 133 83 148 2 
TBTN 350 375 255 230 69 156 137 16 1 
WALL 275 300 25 25 177 177 177 
WALL 275 350 25 25 177 177 177 
WALL 250 200 25 50 177 177 177 
SPOON 375 150 VIS 
