8 8 

515 115

200 50


9 9 9 9 9 9 9 9 
9 4 4 4 7 4 4 9
9 4 4 5 4 4 4 9
9 4 4 4 4 4 5 9
9 4 4 4 4 4 4 9
9 4 5 4 4 5 4 9
9 4 4 4 4 4 4 9
9 9 9 9 9 9 9 9

14

ARR 300 50 BACK3.txt RIGHT 1
ARR 50 100 WIN LEFT 1
ARR 50 250 WIN LEFT 1

BTN 305 155 255 154 0 179 108 0 0

SPR 255 255 LEFT 999 toggleFalse 153 153 153
BTN 105 255 184 183 180 84 83 82 999 

SPR 155 105 RIGHT 4 toggleFalse 153 153 153

SPK 116 185 184 183 180 HORZ 999 15

WALL 50 188 50 5 255 0 0
WALL 150 188 50 5 255 0 0

WALL 50 185 15 15 69 69 69
WALL 150 185 15 15 69 69 69
WALL 85 185 15 15 69 69 69
WALL 185 185 15 15 69 69 69
