10 8

388 462

200 50


2 2 9 3 3 9 2 2
2 9 9 3 3 9 9 2
9 3 3 3 3 3 3 9
9 3 3 9 9 3 3 9
9 3 3 9 9 3 3 9
9 3 3 3 3 3 3 9
9 3 3 3 3 3 3 9
9 3 3 3 3 3 3 9
9 9 9 3 3 9 9 2
2 2 2 9 9 2 2 2

36
ARR 175 0 CZtext3.txt UP 1
ARR 175 400 null UP 0
SPR 205 350 RIGHT 0 toggleTrue 153 153 153
SPR 155 350 LEFT 0 toggleTrue 153 153 153

BTN 285 350 203 134 255 122 80 153 1
BTN 105 255 203 134 255 122 80 153 1
SPK 193 40 203 134 255 HORZ 1 15

BTN 80 350 243 227 8 162 139 14 2
BTN 205 255 243 227 8 162 139 14 2
SPK 70 325 243 227 8 HORZ 2 15  
SPK 193 70 243 227 8 HORZ 2 15

BTN 255 255 255 154 0 179 108 0 3
BTN 80 130 255 154 0 179 108 0 3
SPK 317 325 255 154 0 HORZ 3 10
SPK 267 230 255 154 0 HORZ 3 15
SPK 118 230 255 154 0 HORZ 3 15
SPK 193 55 255 154 0 HORZ 3 15

BTN 155 255 0 166 223 0 116 156 4
BTN 280 130 0 166 223 0 116 156 4
SPK 267 215 0 166 223 HORZ 4 10
SPK 118 215 0 166 223 HORZ 4 15
SPK 250 117 0 166 223 VERT 4 15
SPK 150 117 0 166 223 VERT 4 10
SPK 193 85 0 166 223 HORZ 4 15

WALL 250 305 50 35 177 177 177
WALL 200 305 50 35 177 177 177
WALL 150 305 50 35 177 177 177
WALL 100 305 50 35 177 177 177

WALL 300 225 50 20 177 177 177
WALL 50 225 50 20 177 177 177

WALL 150 400 25 50 0 0 0  
WALL 225 400 25 50 0 0 0  

WALL 150 0 25 50 0 0 0  
WALL 225 0 25 50 0 0 0  
WALL 150 50 25 50 0 0 0  
WALL 225 50 25 50 0 0 0  